0,449
0,448
0,319
690,5
690,4
690,3
690,2
690,1
690,0
0,318
689,4
689,3
689,2
689,1
689,0
688,5
688,4
688,3
688,2
688,1
688,0
687,4
687,3
687,2
687,1
687,0
0,317
686,4
686,3
686,2
686,1
686,0
685,5
685,4
685,3
685,2
685,1
685,0
684,4
684,3
684,2
684,1
684,0
683,5
683,4
683,3
683,2
683,1
683,0
0,316
682,3
682,2
682,1
682,0
681,3
681,2
681,1
681,0
680,3
680,2
680,1
680,0
0,315
679,3
679,2
679,1
679,0
678,3
678,2
678,1
678,0
0,312
0,306
0,304
0,302
0,243
0,472
677,5
677,4
677,3
677,2
677,1
677,0
676,4
676,3
676,2
676,1
676,0
675,5
675,4
675,3
675,2
675,1
675,0
674,4
674,3
674,2
674,1
674,0
673,4
673,3
673,2
673,1
673,0
0,443
672,5
672,4
672,3
672,2
672,1
672,0
671,4
671,3
671,2
671,1
671,0
670,5
670,4
670,3
670,2
670,1
670,0
669,3
669,2
669,1
669,0
668,3
668,2
668,1
668,0
0,394
667,3
667,2
667,1
667,0
666,3
666,2
666,1
666,0
665,3
665,2
665,1
665,0
0,278
0,9
0,392
